   5.4829629629629641e+00
   4.3614999999999986e+00
   5.2602325581395339e+00
   3.0619230769230770e+00
   4.4896296296296301e+00
   3.3681395348837206e+00
   4.0259523809523818e+00
   4.3966666666666665e+00
   4.2999999999999998e+00
   7.0564705882352934e+00
   6.1440000000000001e+00
   4.3543243243243239e+00
   4.3595121951219520e+00
   7.1674999999999995e+00
   6.0100000000000007e+00
   3.8176923076923064e+00
   3.8862962962962957e+00
   4.4436363636363652e+00
   4.8211111111111098e+00
   7.1261904761904749e+00
   3.7118181818181823e+00
   8.1500000000000004e+00
   7.7725000000000000e+00
   4.5788000000000011e+00
   4.1022222222222222e+00
   5.2209756097560973e+00
   5.7300000000000004e+00
   2.7129629629629628e+00
   2.4211111111111108e+00
   2.8095454545454532e+00
   2.4837209302325594e+00
   2.4050000000000002e+00
   4.2750000000000004e+00
   3.9422222222222221e+00
   3.8742307692307696e+00
   2.3256818181818173e+00
   2.6061538461538465e+00
   3.0470370370370370e+00
   1.8579545454545447e+00
   4.8434090909090912e+00
   4.7172093023255792e+00
   2.9300000000000002e+00
   3.2725000000000000e+00
   5.7482608695652173e+00
   4.5774074074074083e+00
   5.3236363636363633e+00
   5.9372499999999988e+00
   5.0633333333333335e+00
   7.6900000000000004e+00
   4.9976923076923079e+00
   5.0788888888888879e+00
   4.1337209302325579e+00
   4.6752272727272706e+00
   2.1450000000000000e+00
   2.9566666666666670e+00
   1.1678124999999998e+01
   1.0795000000000000e+01
   6.3430000000000009e+00
   5.9580952380952388e+00
   9.2199999999999989e+00
   6.3524999999999991e+00
   6.3756000000000004e+00
   7.0014285714285718e+00
   5.0088372093023246e+00
   6.2643243243243232e+00
   6.1133333333333333e+00
   5.3249999999999993e+00
   2.7474074074074073e+00
   4.6804545454545430e+00
   5.7633333333333336e+00
   5.0625000000000000e+00
   4.9824999999999999e+00
   6.3411999999999997e+00
   4.5371428571428583e+00
   3.5171428571428587e+00
   3.1532558139534879e+00
   5.2366666666666664e+00
   5.1399999999999988e+00
   8.4735714285714288e+00
   7.1446666666666658e+00
   3.5134090909090903e+00
   2.9665909090909079e+00
   6.0766666666666671e+00
   3.8666666666666667e+00
   4.9534615384615384e+00
   4.8718518518518508e+00
   4.8771428571428563e+00
   6.2160975609756104e+00
   6.8499999999999996e+00
   4.2533333333333330e+00
   4.9648148148148143e+00
   4.9369230769230761e+00
   5.1770833333333330e+00
   3.1988372093023254e+00
   3.6213636363636370e+00
   9.4099999999999984e+00
   7.7975000000000003e+00
   6.8578947368421055e+00
   7.5875000000000004e+00
   1.9634090909090893e+00
   2.4779545454545455e+00
   5.7725000000000000e+00
   5.6566666666666663e+00
   3.5634615384615382e+00
   3.4437037037037039e+00
   2.9709090909090894e+00
   2.8075000000000006e+00
   5.7266666666666666e+00
   5.0633333333333335e+00
   5.6592307692307688e+00
   4.8769230769230765e+00
   4.5544186046511639e+00
   5.0542105263157877e+00
   8.0066666666666677e+00
   6.9049999999999994e+00
   3.1661538461538474e+00
   2.7900000000000000e+00
   2.2986363636363647e+00
   2.8874418604651164e+00
   3.5874999999999999e+00
   4.4849999999999994e+00
   9.3166666666666682e+00
   9.7884615384615401e+00
   3.9845454545454548e+00
   3.8721052631578958e+00
   4.7133333333333338e+00
   3.8250000000000002e+00
   4.3996153846153847e+00
   3.8052000000000006e+00
   4.9980952380952370e+00
   4.2854545454545452e+00
   3.9000000000000004e+00
   3.5349999999999997e+00
   2.4480769230769228e+00
   3.1014814814814819e+00
   8.3771428571428572e+00
   9.8775000000000013e+00
   3.9299999999999997e+00
   5.6400000000000006e+00
   9.2333333333333343e+00
   7.3440909090909097e+00
   5.8252380952380962e+00
   6.1797674418604664e+00
   4.2533333333333330e+00
   4.2750000000000004e+00
   4.2941666666666665e+00
   4.6457692307692309e+00
   4.7833333333333332e+00
   3.3774999999999995e+00
   3.2266666666666675e+00
   2.3244444444444445e+00
   2.4297674418604669e+00
   2.5704761904761906e+00
   2.6066666666666669e+00
   2.1533333333333333e+00
   3.3025925925925925e+00
   3.0223809523809528e+00
   5.0890697674418597e+00
   4.8595348837209293e+00
   3.8475000000000001e+00
   4.0325000000000006e+00
   4.7977777777777764e+00
   4.2389285714285716e+00
   4.8243902439024371e+00
   6.7746666666666640e+00
   4.9933333333333332e+00
   1.2701333333333332e+01
   1.0377999999999998e+01
   9.7267999999999990e+00
   6.4125581395348812e+00
   3.2033333333333331e+00
   5.6233333333333340e+00
   2.8969999999999989e+00
   8.4913793103448274e+00
   5.1333333333333329e+00
   4.6433333333333335e+00
   2.9820000000000007e+00
   2.6970370370370373e+00
   2.9765909090909086e+00
   3.3188372093023251e+00
   4.4299999999999997e+00
   3.7174999999999998e+00
   4.2815384615384611e+00
   3.6144444444444441e+00
   3.9388095238095255e+00
   3.8513953488372095e+00
   4.3999999999999995e+00
   4.6066666666666665e+00
   4.5448148148148153e+00
   5.7560000000000002e+00
   5.3117857142857128e+00
   2.5165909090909095e+00
   2.8383720930232559e+00
   3.8250000000000002e+00
   6.2425000000000006e+00
   3.9725925925925933e+00
   3.7232142857142856e+00
   4.3255813953488396e+00
   4.5230952380952374e+00
   4.6066666666666665e+00
   4.2233333333333336e+00
   4.4750000000000014e+00
   4.5025925925925936e+00
   5.7267500000000009e+00
   6.3217647058823534e+00
   4.0433333333333339e+00
   4.2074999999999996e+00
   5.2319230769230769e+00
   5.7133333333333338e+00
   1.9861363636363627e+00
   2.6293181818181823e+00
   4.6733333333333329e+00
   6.7050000000000001e+00
   3.8875999999999999e+00
   5.0888000000000000e+00
   5.5153488372093014e+00
   7.4194444444444452e+00
   6.1099999999999994e+00
   5.3824999999999994e+00
   4.2187499999999991e+00
   3.8128571428571418e+00
   3.4400000000000004e+00
   4.1067441860465115e+00
   2.6999999999999997e+00
   2.8600000000000003e+00
   4.0196153846153839e+00
   3.8457692307692311e+00
   3.8817948717948707e+00
   3.7552272727272711e+00
   7.4275000000000002e+00
   8.6899999999999995e+00
   6.4753846153846162e+00
   6.0141666666666653e+00
   8.0438235294117675e+00
   5.9988235294117649e+00
   6.7933333333333339e+00
   3.1400000000000001e+00
   3.3200000000000003e+00
   4.1522222222222203e+00
   3.8577777777777786e+00
   3.3722727272727266e+00
   3.3793181818181810e+00
   4.2266666666666666e+00
   3.5549999999999997e+00
   4.5107407407407401e+00
   3.5775000000000001e+00
   6.9528571428571420e+00
   6.0760526315789498e+00
   4.3299999999999992e+00
   3.0000000000000000e+00
   7.0819999999999981e+00
   6.2977777777777781e+00
   3.2575000000000003e+00
   3.5443181818181810e+00
   9.6750000000000007e+00
   8.2336363636363643e+00
   8.7376923076923081e+00
   8.5203448275862055e+00
   7.6451724137931034e+00
   3.8666666666666667e+00
   3.5866666666666673e+00
   4.9269230769230763e+00
   5.9090909090909101e+00
   4.4325000000000001e+00
   5.4964102564102548e+00
   2.8775000000000004e+00
   3.2966666666666669e+00
   2.5385185185185191e+00
   2.6122222222222224e+00
   4.2142222222222214e+00
   4.1902631578947371e+00
   4.6266666666666660e+00
   3.8533333333333335e+00
   8.4165000000000010e+00
   5.5291666666666659e+00
   2.3225581395348835e+00
   3.0686363636363638e+00
   4.0800000000000001e+00
   3.7133333333333329e+00
   5.5911538461538459e+00
   6.5222727272727266e+00
   3.6168181818181817e+00
   3.4525000000000015e+00
   3.1800000000000002e+00
   4.3366666666666669e+00
   4.1024999999999991e+00
   6.4061111111111115e+00
   6.1661904761904767e+00
   8.1230000000000011e+00
   5.8008571428571418e+00
   6.4733333333333336e+00
   1.0175000000000001e+01
   5.0976190476190473e+00
   5.2099999999999991e+00
   3.5631818181818171e+00
   4.1541860465116276e+00
   5.4874999999999998e+00
   6.9100000000000001e+00
   9.7192857142857143e+00
   9.8164285714285722e+00
   5.6602564102564097e+00
   8.7630769230769214e+00
   1.0220000000000001e+01
   1.0695000000000000e+01
   3.3466666666666676e+00
   3.4067857142857143e+00
   3.1056818181818184e+00
   3.2893023255813940e+00
   5.6650000000000009e+00
   6.1125000000000007e+00
   9.8085714285714314e+00
   1.2693333333333333e+01
   6.8272222222222219e+00
   5.9281249999999996e+00
   4.7619999999999996e+00
   3.9049999999999998e+00
   6.0947500000000012e+00
   5.3353333333333337e+00
   4.9464705882352931e+00
   2.7939999999999992e+00
   3.6475000000000000e+00
   4.0997222222222245e+00
   4.8644444444444437e+00
   5.6488235294117644e+00
   7.6616666666666688e+00
   3.9233333333333325e+00
   4.2925806451612898e+00
   5.9369565217391322e+00
   5.0370588235294118e+00
   3.7346666666666666e+00
   4.6871428571428577e+00
   6.2183333333333337e+00
   4.9388888888888873e+00
   3.6206249999999986e+00
   7.6308823529411747e+00
   4.7541176470588242e+00
   4.6737209302325571e+00
   4.8757142857142863e+00
   6.9187179487179495e+00
   6.2716666666666656e+00
   3.2473333333333332e+00
   2.9200000000000004e+00
   2.6910810810810815e+00
   4.6559090909090921e+00
   8.3445454545454538e+00
   4.6804545454545439e+00
   2.2156249999999997e+00
   1.9752941176470586e+00
   2.5693478260869576e+00
   2.1659999999999995e+00
   5.6924999999999999e+00
   4.6219444444444466e+00
   3.3962222222222200e+00
   3.8658823529411754e+00
   5.9802439024390246e+00
   5.5507142857142862e+00
   7.6572727272727281e+00
   7.2237837837837819e+00
   4.6305555555555564e+00
   3.9100000000000006e+00
   4.6493750000000000e+00
   5.5844444444444434e+00
   3.0119565217391302e+00
   6.4043750000000008e+00
   9.5586206896551715e+00
   7.2057142857142855e+00
   5.6258333333333317e+00
   5.7640476190476182e+00
   7.1963636363636363e+00
   5.6874418604651167e+00
   5.4273333333333342e+00
   6.0615151515151524e+00
   5.5800000000000018e+00
   4.1017647058823528e+00
   2.6497777777777776e+00
   5.2453333333333330e+00
   7.3470967741935489e+00
   4.3131818181818193e+00
   5.5653333333333324e+00
   7.0499999999999980e+00
   3.7619999999999991e+00
   5.0675757575757592e+00
   5.9769999999999985e+00
   6.7249999999999988e+00
   8.6042307692307691e+00
   3.5806666666666662e+00
   3.5815625000000004e+00
   3.7788636363636381e+00
   3.7358333333333325e+00
   5.1269565217391317e+00
   4.8678571428571429e+00
   5.5264705882352940e+00
   4.2017073170731711e+00
   3.7105882352941166e+00
   5.3206818181818178e+00
   2.9713333333333343e+00
   2.7563888888888886e+00
   7.6529629629629641e+00
   6.4521428571428556e+00
   5.8050000000000006e+00
   2.0128571428571429e+00
   4.2888888888888896e+00
   5.9328571428571450e+00
   1.0609999999999999e+01
   3.7197777777777770e+00
   3.1337500000000009e+00
   3.2837837837837829e+00
   4.4520000000000000e+00
   4.6988235294117651e+00
   5.7946511627906983e+00
   4.8130769230769230e+00
   5.3478125000000007e+00
   6.2370731707317066e+00
   7.8106249999999990e+00
   3.8891304347826114e+00
   2.3959999999999999e+00
   4.2005405405405414e+00
   4.7605128205128180e+00
   6.9815384615384621e+00
   9.1547058823529408e+00
   4.0542857142857134e+00
   3.8008333333333320e+00
   3.1255813953488385e+00
   4.2582352941176467e+00
   4.8453488372093014e+00
   5.1150000000000002e+00
   4.7213513513513510e+00
   3.4827272727272724e+00
   3.0505882352941178e+00
   2.7824444444444429e+00
   7.7399999999999993e+00
   1.0409130434782606e+01
   5.9644444444444451e+00
   1.0795999999999999e+01
   8.9992592592592597e+00
   6.3976923076923091e+00
   7.1279310344827573e+00
   4.2302272727272721e+00
   3.2905882352941180e+00
   4.7038636363636357e+00
   3.4220000000000002e+00
   4.2258823529411762e+00
   3.2204444444444449e+00
   2.4581249999999999e+00
   2.1877777777777769e+00
   2.1423913043478255e+00
   2.2755555555555547e+00
   3.2992857142857148e+00
   4.5726666666666667e+00
   4.4771428571428586e+00
   4.4768181818181816e+00
   4.5383333333333340e+00
   4.2769565217391312e+00
   4.6015384615384614e+00
   5.7247058823529393e+00
   4.9804444444444425e+00
   3.6694444444444434e+00
   1.1215238095238094e+01
   9.1850000000000005e+00
   5.3722222222222227e+00
   6.2425000000000042e+00
   7.3538461538461544e+00
   3.0506250000000006e+00
   7.5833333333333321e+00
   4.0663636363636355e+00
   3.4388235294117653e+00
   3.5664444444444445e+00
   3.0406666666666671e+00
   3.8337142857142852e+00
   3.7924444444444458e+00
   5.3774999999999986e+00
   4.4091111111111108e+00
   4.1324999999999994e+00
   3.8061111111111114e+00
   4.5399999999999991e+00
   3.6055555555555543e+00
   3.9333333333333367e+00
   7.2324324324324314e+00
   2.5419999999999998e+00
   3.4575675675675668e+00
   5.8765116279069751e+00
   9.4742857142857133e+00
   3.7115217391304345e+00
   4.8933333333333326e+00
   6.4018181818181805e+00
   4.4633333333333329e+00
   3.6568750000000003e+00
   4.3422727272727268e+00
   4.2013333333333325e+00
   4.1880555555555556e+00
   3.4113636363636362e+00
   4.9605882352941180e+00
   4.7213333333333320e+00
   2.1199999999999992e+00
   3.2251351351351345e+00
   7.0423333333333336e+00
   4.8461111111111101e+00
   3.5000000000000000e+00
   4.7093333333333343e+00
   6.8564516129032258e+00
   5.3060465116279092e+00
   3.3566666666666656e+00
   4.4884444444444425e+00
   3.9066666666666667e+00
   4.9237837837837830e+00
   2.8633333333333337e+00
   2.3141176470588238e+00
   3.9447727272727278e+00
   3.9740000000000006e+00
   3.1935135135135138e+00
   7.9008333333333338e+00
   1.2878000000000000e+01
   7.3702380952380944e+00
   8.6866666666666656e+00
   5.4328571428571442e+00
   5.2213953488372109e+00
   9.0155555555555562e+00
   3.6631707317073179e+00
   3.6888888888888900e+00
   4.1529545454545467e+00
   3.5973333333333337e+00
   3.4672972972972973e+00
   3.3593333333333320e+00
   3.2805882352941182e+00
   4.6777777777777771e+00
   6.9690909090909088e+00
   5.7182758620689640e+00
   2.7732608695652186e+00
   3.6272222222222235e+00
   6.5997368421052620e+00
   3.5273333333333339e+00
   3.3930555555555548e+00
   1.0433571428571428e+01
   9.1080000000000005e+00
   8.6382608695652188e+00
   8.7341666666666669e+00
   7.3107692307692300e+00
   3.3476744186046501e+00
   2.6300000000000003e+00
   4.5486666666666657e+00
   3.9621428571428572e+00
   5.5491176470588242e+00
   2.5150000000000010e+00
   2.5094444444444446e+00
   2.1204651162790711e+00
   4.4307142857142860e+00
   4.5968571428571421e+00
   5.1136585365853655e+00
   4.6394444444444449e+00
   6.1210000000000004e+00
   2.0293750000000004e+00
   3.0340540540540539e+00
   3.5041304347826112e+00
   3.1037499999999993e+00
   5.1755813953488401e+00
   3.9831250000000002e+00
   4.4294594594594594e+00
   4.3844444444444450e+00
   3.9411111111111108e+00
   6.6910526315789474e+00
   8.6833333333333318e+00
   5.3197058823529408e+00
   6.9751612903225810e+00
   5.9539999999999997e+00
   4.9557777777777785e+00
   3.4481250000000006e+00
   4.9451428571428577e+00
   6.9590322580645161e+00
   8.6592307692307688e+00
   8.1816666666666666e+00
   5.0956249999999992e+00
   8.1888000000000005e+00
   1.0237058823529411e+01
   5.3599999999999994e+00
   3.6475555555555559e+00
   3.2793333333333341e+00
   5.1406060606060597e+00
   5.8326190476190503e+00
   5.1949999999999985e+00
   1.0530500000000000e+01
   6.6633333333333340e+00
   5.4306060606060624e+00
